5 1518 5539.0
7 1278 2022.0
12 1061 1010.0
13 1950 3403.0
14 970 3567.0
18 8 460.0
20 1699 5924.0
23 546 2818.0
23 1919 2056.0
28 383 614.0
28 1078 541.0
31 615 1776.0
34 1169 435.0
39 2004 1889.0
43 640 -570.0
50 932 -802.0
51 1216 2808.0
52 1167 436.0
53 1181 1438.0
59 655 1550.0
59 1515 2180.0
61 115 3657.0
62 1390 -844.0
67 1317 5933.0
67 1441 825.0
68 821 2351.0
72 310 -538.0
73 2008 -443.0
83 1338 3538.0
87 504 -1243.0
88 205 2771.0
90 1079 -677.0
91 1444 4245.0
94 284 575.0
94 474 725.0
96 969 644.0
96 1094 3992.0
97 183 4773.0
97 1099 -691.0
102 535 463.0
102 1323 3019.0
104 1905 2211.0
105 34 956.0
105 655 630.0
110 153 1139.0
112 343 2776.0
114 625 1717.0
115 1959 3556.0
116 754 732.0
117 1343 1494.0
120 1242 457.0
129 1118 1387.0
131 944 -1094.0
135 1397 3693.0
138 1921 -403.0
141 1869 449.0
143 1717 2088.0
147 2034 2828.0
149 747 1129.0
151 1786 988.0
151 1964 947.0
152 411 -673.0
155 510 1510.0
155 2001 430.0
157 442 2750.0
158 195 1781.0
158 915 1372.0
167 1394 1944.0
168 512 5056.0
169 1861 953.0
176 575 4137.0
179 799 450.0
182 718 -758.0
182 800 530.0
182 1597 4042.0
185 1131 1012.0
186 1723 2919.0
188 1781 468.0
189 1385 1531.0
190 530 464.0
190 1463 5346.0
192 1463 4476.0
194 4 442.0
195 1152 1341.0
195 1833 826.0
196 628 506.0
196 724 705.0
196 1151 2512.0
196 1152 15.0
196 1153 -651.0
199 1016 579.0
202 575 905.0
210 1966 4686.0
211 1356 4470.0
211 1666 2846.0
213 1445 -552.0
216 4 2308.0
216 192 1533.0
218 1286 1924.0
226 655 6238.0
226 1306 -845.0
237 86 4794.0
243 753 -567.0
244 669 2188.0
245 437 7931.0
245 1117 -1039.0
246 45 1210.0
250 1986 432.0
252 677 1384.0
252 1365 1817.0
252 1901 3643.0
256 743 1318.0
256 1222 -679.0
258 293 744.0
259 1416 1364.0
262 1398 2399.0
265 1880 532.0
267 189 -836.0
268 557 454.0
269 1397 537.0
269 1537 4982.0
272 749 2318.0
272 2036 5199.0
275 2042 619.0
276 726 -942.0
276 1384 439.0
285 809 666.0
287 119 -399.0
290 339 876.0
290 413 -823.0
297 767 2613.0
300 264 640.0
301 528 -1104.0
301 1591 635.0
305 1491 2320.0
306 1389 1953.0
311 709 6439.0
312 710 26.0
312 946 -975.0
312 1871 893.0
313 1948 3944.0
317 1746 -420.0
318 652 460.0
322 80 2833.0
322 455 663.0
325 50 -499.0
327 1115 980.0
329 484 -548.0
329 1523 4121.0
331 1285 -1032.0
333 1074 -426.0
334 1075 2818.0
339 695 -915.0
339 1262 545.0
344 1255 2911.0
346 639 946.0
347 1247 441.0
351 1729 473.0
352 1729 -779.0
352 1812 937.0
353 973 498.0
354 210 -851.0
356 784 847.0
357 1625 3888.0
359 294 2720.0
359 779 -974.0
362 1166 2608.0
365 1439 4407.0
366 1861 582.0
368 114 770.0
368 531 -1015.0
372 1097 -566.0
372 1289 1457.0
375 722 2009.0
379 1059 -683.0
381 816 -948.0
381 1190 2675.0
383 241 2630.0
384 1022 1845.0
385 23 -417.0
385 535 2079.0
385 1023 -1407.0
385 1024 -2034.0
385 1025 -2669.0
385 1026 540.0
385 1924 2678.0
386 372 2575.0
386 1022 -1358.0
386 1024 -1807.0
386 1026 976.0
386 1027 5.0
386 1832 -547.0
388 1023 -960.0
388 1024 -2216.0
388 1025 1510.0
388 1666 775.0
388 1936 1618.0
388 1937 3101.0
389 661 2615.0
389 1937 86.0
390 621 595.0
392 1186 -793.0
392 1826 1303.0
396 966 -1181.0
398 930 1596.0
399 382 3293.0
402 1009 -717.0
404 395 2668.0
405 174 653.0
406 1404 711.0
412 1776 3083.0
413 1681 2806.0
413 1919 1562.0
414 131 4986.0
417 1249 983.0
421 269 758.0
429 442 1981.0
431 1021 457.0
432 1544 -1153.0
434 653 -1159.0
434 1455 443.0
436 1899 1800.0
439 523 -477.0
441 1258 924.0
443 1522 -905.0
444 677 1797.0
447 16 431.0
448 340 -539.0
452 677 783.0
452 1114 -1023.0
454 214 758.0
454 760 2454.0
456 555 1629.0
456 1177 2890.0
457 1456 4673.0
458 1112 2501.0
459 151 -510.0
459 1026 634.0
460 917 4430.0
460 1490 582.0
462 909 790.0
463 1192 1254.0
468 740 -798.0
474 1715 5058.0
475 380 1101.0
476 1196 2155.0
478 1933 737.0
481 304 985.0
482 1410 3838.0
482 1422 487.0
486 1455 1430.0
487 752 -1125.0
489 621 641.0
489 891 -1082.0
495 322 -943.0
497 1084 1128.0
498 1568 5820.0
498 1666 -447.0
499 575 1519.0
500 1750 3587.0
502 1262 -801.0
504 1963 -406.0
506 254 3038.0
508 1292 4833.0
509 550 1844.0
510 134 4079.0
511 493 610.0
512 425 4754.0
512 1574 1864.0
513 1189 5305.0
515 1950 2760.0
516 749 2375.0
520 916 -1211.0
520 1176 1313.0
526 264 1632.0
527 1308 687.0
528 594 3602.0
529 1309 -961.0
532 296 560.0
532 599 -779.0
533 224 1995.0
533 484 930.0
533 928 -1221.0
533 1829 1169.0
537 508 -1550.0
538 1652 1864.0
540 755 2077.0
541 710 852.0
542 1896 8502.0
545 2028 8066.0
546 922 -1194.0
549 1120 1077.0
550 1197 5095.0
550 1225 -1167.0
552 1534 6838.0
554 535 604.0
554 975 -525.0
557 1614 2839.0
558 880 2966.0
562 1589 2824.0
563 496 2810.0
564 1137 582.0
565 1344 -793.0
566 1754 5480.0
569 888 2070.0
570 1952 1785.0
571 622 533.0
571 1365 -1142.0
576 437 826.0
580 35 3667.0
581 405 541.0
581 683 1166.0
581 1278 -621.0
582 1183 -844.0
584 1393 693.0
587 522 -845.0
588 552 780.0
588 1448 -1048.0
588 1907 616.0
589 490 3036.0
590 694 1403.0
591 228 1831.0
591 1052 2055.0
592 617 1833.0
592 748 -1177.0
592 962 -1343.0
593 1289 3589.0
595 1113 -1135.0
596 905 3143.0
598 1738 740.0
599 585 1736.0
599 1328 624.0
601 529 -1115.0
607 1034 778.0
607 1967 2093.0
608 1266 832.0
609 188 1118.0
610 189 46.0
614 1134 1869.0
615 1333 585.0
617 966 2643.0
618 170 -987.0
620 1719 429.0
623 752 2259.0
624 1291 2893.0
625 1285 548.0
625 1290 1784.0
625 1292 2029.0
626 235 727.0
626 1292 1430.0
626 1293 73.0
627 1291 5021.0
627 1292 573.0
627 1293 21.0
628 161 -843.0
628 1292 19.0
631 1687 1017.0
633 1753 3148.0
639 1965 4020.0
640 541 2222.0
643 1322 761.0
643 1324 1220.0
645 1868 1686.0
649 510 3472.0
649 1784 2107.0
650 640 1841.0
652 198 -995.0
652 1160 1562.0
653 363 1883.0
653 405 -704.0
654 822 4578.0
655 1065 -526.0
659 556 1581.0
659 1364 1533.0
660 1928 -410.0
662 1026 -1171.0
664 591 -1095.0
666 434 -1319.0
667 1379 635.0
668 55 2981.0
671 1702 2191.0
672 538 -883.0
673 745 1921.0
675 862 5312.0
677 57 515.0
677 575 2676.0
678 1988 -511.0
679 43 4774.0
679 57 2792.0
679 594 6513.0
683 975 3441.0
684 1473 1657.0
686 1280 1543.0
687 1488 1131.0
689 917 614.0
690 1041 457.0
691 1955 2929.0
693 916 -1167.0
695 1836 -430.0
697 689 -1180.0
700 1049 8199.0
700 1617 1653.0
704 337 1233.0
704 1022 1116.0
704 1329 681.0
705 85 755.0
705 1329 1770.0
705 1330 2627.0
705 1331 52.0
706 1330 65.0
706 1816 5806.0
708 903 -1245.0
708 1430 570.0
709 131 -616.0
712 1996 2640.0
714 802 917.0
714 1021 934.0
716 522 -1096.0
717 523 -1137.0
717 525 1712.0
718 1525 2751.0
719 426 750.0
721 1496 4946.0
723 714 1930.0
726 241 1244.0
727 690 -1164.0
729 1685 632.0
731 625 1071.0
731 1585 -406.0
732 50 4885.0
732 867 -1001.0
734 740 631.0
734 1229 2107.0
735 1310 -836.0
736 600 -722.0
742 1474 466.0
745 638 -1097.0
750 530 825.0
752 1050 878.0
753 897 -1091.0
755 992 -1208.0
758 1433 -1431.0
761 1015 890.0
761 1703 1731.0
762 388 1461.0
762 1704 18.0
763 1574 3044.0
764 1306 903.0
764 1371 584.0
765 543 -859.0
766 365 1688.0
768 888 -1419.0
768 2037 6480.0
771 40 -472.0
772 1193 611.0
774 1358 -895.0
776 1117 -1268.0
777 870 2683.0
778 508 -2025.0
778 623 442.0
780 55 4030.0
784 560 -926.0
785 1910 -572.0
787 835 618.0
787 1271 -1430.0
787 1836 4381.0
788 884 -1004.0
789 1232 -657.0
790 67 1915.0
790 1040 -740.0
791 284 1035.0
791 1592 1707.0
792 1103 -841.0
793 1986 2019.0
796 1491 2651.0
799 200 2997.0
800 408 2603.0
802 907 961.0
803 336 -1068.0
803 922 1722.0
803 1459 2542.0
804 1059 1175.0
804 1449 2232.0
805 713 -976.0
810 916 3975.0
810 1163 562.0
810 1343 598.0
811 920 -1361.0
812 1246 2343.0
814 1067 742.0
815 199 5058.0
816 90 1203.0
816 1166 -791.0
818 325 1613.0
820 1496 436.0
821 2002 520.0
825 1094 1904.0
825 1780 2316.0
825 2023 853.0
826 1257 618.0
827 887 1007.0
827 1831 619.0
827 1860 633.0
829 1206 -736.0
829 1584 3161.0
831 1516 -1119.0
832 1649 3401.0
833 1388 -814.0
833 1906 4666.0
834 833 -1012.0
834 1677 2388.0
834 1907 164.0
836 584 2890.0
840 485 1900.0
842 1680 1298.0
844 1390 1518.0
846 1023 2292.0
846 1253 632.0
846 1718 1715.0
847 772 2062.0
849 511 -500.0
849 2038 1362.0
850 810 4104.0
852 1355 8080.0
857 1983 448.0
861 1970 -394.0
861 2023 2778.0
862 1585 3818.0
866 705 -842.0
866 1212 -1086.0
868 1035 -1184.0
871 1433 1319.0
872 1431 3249.0
873 408 493.0
873 1382 1472.0
874 1795 2470.0
875 614 -863.0
879 1368 2900.0
880 130 696.0
881 464 641.0
883 1251 6648.0
884 234 3144.0
885 572 3037.0
885 1335 3801.0
886 592 -1046.0
886 753 3063.0
887 647 -857.0
892 188 2875.0
898 1560 4107.0
899 1884 -435.0
900 1291 782.0
902 898 -785.0
902 1715 1359.0
904 369 -826.0
907 252 2131.0
907 1548 657.0
912 973 688.0
913 964 456.0
919 163 -529.0
919 895 -1004.0
920 620 564.0
922 1125 2408.0
923 1439 613.0
924 870 -1200.0
924 1098 529.0
924 1202 -844.0
932 324 -3741.0
932 1178 1846.0
938 829 832.0
940 1573 8479.0
940 1973 1202.0
941 925 2349.0
943 1994 1036.0
946 1386 -578.0
948 941 1837.0
948 1628 781.0
949 316 2067.0
950 1699 3762.0
951 1179 2912.0
955 1422 2460.0
957 127 1336.0
957 1299 423.0
957 1623 2125.0
958 538 540.0
959 538 -415.0
964 832 4027.0
966 1266 652.0
968 929 -941.0
971 634 4755.0
971 1321 1408.0
974 2026 1659.0
977 1070 5148.0
977 1110 2631.0
977 1269 837.0
980 341 912.0
980 1044 1261.0
981 988 4261.0
982 2015 1493.0
987 696 1447.0
987 870 -1188.0
988 429 5193.0
991 680 -961.0
995 999 3195.0
995 1037 1856.0
1000 748 2320.0
1002 673 982.0
1002 1144 1086.0
1002 1156 429.0
1003 1398 1634.0
1003 1781 2565.0
1004 1200 -524.0
1005 500 2810.0
1005 713 4139.0
1007 968 1022.0
1009 1018 -1126.0
1012 1956 3143.0
1013 831 2436.0
1014 748 1063.0
1014 1351 -1110.0
1015 1248 3797.0
1015 1455 1890.0
1016 855 -690.0
1016 1758 3120.0
1017 177 3043.0
1017 874 -758.0
1018 940 2121.0
1018 1107 796.0
1019 349 -673.0
1025 336 -1249.0
1028 982 1670.0
1028 1397 1515.0
1034 1028 2275.0
1036 900 -1151.0
1036 2040 1379.0
1038 234 -1006.0
1039 1370 -757.0
1041 828 639.0
1044 1004 1190.0
1045 883 -1108.0
1046 1528 -1245.0
1047 1107 -845.0
1048 6 -508.0
1049 452 433.0
1049 1761 2425.0
1054 89 953.0
1056 163 3190.0
1057 1461 2390.0
1057 1755 493.0
1059 1052 -686.0
1059 1605 2401.0
1060 839 503.0
1061 1728 2339.0
1063 1202 1444.0
1063 1387 -1049.0
1065 1942 712.0
1066 102 3224.0
1067 257 3020.0
1070 876 1136.0
1072 1991 1130.0
1081 580 -920.0
1081 581 -602.0
1081 613 -1267.0
1082 580 -748.0
1082 1443 1826.0
1082 1864 -403.0
1082 1865 -408.0
1083 867 491.0
1084 1251 1584.0
1085 1369 -688.0
1085 1642 8351.0
1085 1863 1706.0
1085 1868 1463.0
1085 2043 -559.0
1086 331 2694.0
1086 1866 -493.0
1089 1577 1378.0
1092 674 -959.0
1092 1939 4497.0
1098 1617 1370.0
1099 71 3565.0
1099 1304 2188.0
1100 1417 3090.0
1100 1499 1447.0
1103 1293 493.0
1104 1188 833.0
1106 1497 2695.0
1108 785 2737.0
1108 1976 539.0
1109 14 2497.0
1109 1286 -834.0
1113 1178 1750.0
1117 711 2182.0
1117 1669 2876.0
1118 1650 435.0
1120 1579 -745.0
1121 1490 3364.0
1124 447 -980.0
1124 561 534.0
1128 480 5199.0
1128 880 632.0
1129 1578 1891.0
1131 996 925.0
1135 581 4194.0
1142 406 1162.0
1144 1133 3018.0
1144 1667 1126.0
1145 657 -1007.0
1148 466 -844.0
1150 994 2572.0
1150 1359 -1170.0
1151 1219 4348.0
1157 1115 2513.0
1160 1272 1083.0
1162 1313 -839.0
1163 790 4071.0
1163 1073 -1223.0
1163 1256 -899.0
1165 921 -952.0
1169 1363 1148.0
1170 670 -926.0
1170 1714 -539.0
1172 1257 900.0
1173 1437 536.0
1173 1513 3931.0
1175 1009 -1505.0
1177 786 -1332.0
1178 777 857.0
1179 1950 4018.0
1181 989 -585.0
1182 40 1818.0
1183 255 2188.0
1185 1603 3203.0
1185 1724 1063.0
1195 968 3086.0
1196 969 11.0
1199 15 554.0
1201 1808 1009.0
1202 441 4211.0
1203 286 481.0
1207 1223 -1232.0
1207 1544 783.0
1208 589 -625.0
1210 1670 466.0
1211 990 2401.0
1213 1095 -1473.0
1213 1361 1504.0
1213 1404 517.0
1218 1644 948.0
1218 2004 -428.0
1220 1027 1257.0
1221 674 928.0
1222 165 461.0
1223 732 1960.0
1225 1134 1202.0
1229 415 2472.0
1230 1219 4232.0
1231 829 3794.0
1233 52 2360.0
1233 649 4573.0
1233 1173 -813.0
1234 788 -1257.0
1235 1691 2315.0
1238 809 1645.0
1239 1217 -1183.0
1241 753 1452.0
1242 1950 -531.0
1244 95 1064.0
1244 1773 2518.0
1245 27 882.0
1245 1372 2549.0
1246 293 -899.0
1247 1125 -864.0
1247 1921 863.0
1247 1953 1509.0
1248 1100 1252.0
1249 999 2309.0
1250 2035 917.0
1251 1942 2461.0
1251 1944 2661.0
1251 1947 1158.0
1252 1945 3436.0
1252 1953 2297.0
1253 1947 -481.0
1258 873 -1239.0
1259 1397 2347.0
1260 1632 3097.0
1261 602 -581.0
1261 1531 -1522.0
1262 972 1615.0
1266 1052 -819.0
1267 1483 2991.0
1267 1944 -424.0
1270 313 1157.0
1272 105 3640.0
1273 1660 527.0
1273 1847 1928.0
1274 449 642.0
1274 1994 -404.0
1276 468 920.0
1277 1610 1857.0
1278 1860 2464.0
1280 1174 -1168.0
1282 1639 1657.0
1284 979 3425.0
1285 35 1102.0
1291 654 6002.0
1292 183 -579.0
1292 1024 734.0
1293 2035 -749.0
1296 1437 -809.0
1296 1705 1515.0
1298 2023 3476.0
1300 1510 2308.0
1303 1868 2149.0
1305 1004 3747.0
1305 1321 2068.0
1307 256 -501.0
1307 1792 2431.0
1310 209 4908.0
1313 25 3335.0
1315 541 1337.0
1315 1351 5668.0
1316 827 4367.0
1316 834 -979.0
1321 427 1332.0
1323 1771 1799.0
1325 274 3543.0
1326 843 -914.0
1327 1733 1142.0
1328 25 4430.0
1328 159 4420.0
1334 4 2098.0
1335 1335 -860.0
1336 172 2067.0
1342 33 574.0
1346 351 695.0
1348 1363 3707.0
1348 1515 2875.0
1349 486 1696.0
1351 1818 1174.0
1354 1383 1381.0
1355 1504 2276.0
1357 1029 -1530.0
1359 619 2015.0
1361 1454 694.0
1362 322 2366.0
1363 1112 -854.0
1364 278 2467.0
1366 458 -581.0
1367 1196 -1164.0
1368 967 -933.0
1369 274 1191.0
1369 1317 -923.0
1376 378 2129.0
1379 15 861.0
1380 773 644.0
1381 41 2121.0
1383 421 1271.0
1385 1110 -913.0
1387 1859 2165.0
1388 1084 -550.0
1390 1397 434.0
1394 62 466.0
1394 740 532.0
1400 621 -706.0
1402 659 960.0
1402 1059 904.0
1403 1144 568.0
1406 1780 -538.0
1407 1054 886.0
1409 885 739.0
1410 2031 811.0
1416 1011 2019.0
1417 1214 2854.0
1418 677 -390.0
1420 742 1346.0
1421 1906 755.0
1426 735 2250.0
1430 412 1847.0
1432 27 1112.0
1432 409 -781.0
1433 1217 466.0
1434 784 1634.0
1435 6 -509.0
1447 2002 2844.0
1450 1710 629.0
1456 1269 8005.0
1456 1837 804.0
1460 847 4139.0
1461 1527 1013.0
1462 416 2067.0
1464 1034 713.0
1467 1184 -1115.0
1468 1919 2633.0
1469 1221 2093.0
1471 970 920.0
1477 1737 2206.0
1477 1910 -457.0
1480 713 1364.0
1480 1590 1848.0
1481 157 932.0
1481 713 3981.0
1481 714 838.0
1481 715 42.0
1482 714 33.0
1483 1192 -901.0
1486 170 1399.0
1488 1198 1123.0
1496 1999 1689.0
1499 137 790.0
1499 1896 1248.0
1500 138 3927.0
1506 1527 2470.0
1507 1526 4990.0
1507 1527 130.0
1509 154 880.0
1509 322 2169.0
1510 1333 968.0
1511 194 -832.0
1511 998 -1629.0
1513 1448 -1388.0
1514 687 -685.0
1516 263 -924.0
1516 1919 839.0
1518 1389 3154.0
1520 610 799.0
1529 451 1543.0
1529 547 1571.0
1530 1013 473.0
1531 488 -1139.0
1538 746 2138.0
1539 947 618.0
1539 1692 3249.0
1540 1693 70.0
1540 1762 2496.0
1541 1373 1139.0
1542 1032 3223.0
1543 459 -667.0
1543 929 3737.0
1543 1106 1877.0
1549 784 4582.0
1550 859 2487.0
1553 1558 1429.0
1554 46 4511.0
1565 1040 803.0
1565 1307 -1523.0
1568 1119 3037.0
1569 202 3240.0
1571 1950 2892.0
1572 389 1410.0
1575 183 639.0
1575 1459 2144.0
1576 325 -436.0
1576 1461 -1351.0
1576 1561 2051.0
1577 324 -700.0
1577 1464 4171.0
1577 1492 -1042.0
1578 5 2113.0
1582 1748 721.0
1583 612 1158.0
1583 1508 5741.0
1584 1867 2474.0
1586 1771 469.0
1588 132 596.0
1589 132 -2585.0
1589 1779 998.0
1592 1467 -846.0
1596 850 4391.0
1601 1888 2380.0
1602 188 -1266.0
1602 275 2019.0
1603 1140 861.0
1604 1142 711.0
1606 475 1118.0
1606 1924 -574.0
1610 1215 -516.0
1610 1436 976.0
1611 985 2813.0
1613 638 -561.0
1613 1761 1377.0
1614 1895 3116.0
1615 721 2730.0
1616 487 1596.0
1616 1922 1173.0
1622 635 1700.0
1623 1042 -691.0
1625 143 4198.0
1628 268 1165.0
1630 473 2384.0
1631 2035 -579.0
1636 893 1259.0
1636 1269 2130.0
1640 568 3507.0
1641 1568 3106.0
1644 562 -647.0
1650 2029 720.0
1653 1653 1293.0
1655 597 -922.0
1656 126 1054.0
1661 581 470.0
1664 1109 3195.0
1664 1237 522.0
1669 896 5221.0
1670 1545 703.0
1674 571 1075.0
1679 1496 2168.0
1683 1353 483.0
1684 1676 572.0
1687 227 3426.0
1689 330 3046.0
1690 988 3726.0
1691 1130 2034.0
1691 1398 -997.0
1692 1997 1155.0
1693 622 1004.0
1697 2004 765.0
1701 1866 2146.0
1702 633 1404.0
1703 229 3325.0
1705 220 800.0
1711 1773 3276.0
1714 1419 -1283.0
1715 106 2217.0
1715 1091 1039.0
1715 1526 8715.0
1720 47 2295.0
1720 593 543.0
1730 1972 842.0
1731 1952 472.0
1732 2020 4233.0
1733 1527 1905.0
1736 1376 -857.0
1737 645 608.0
1740 1679 1429.0
1741 249 3113.0
1743 1706 992.0
1745 1785 958.0
1750 804 1415.0
1751 1615 2194.0
1751 1892 1521.0
1753 352 1479.0
1755 1111 573.0
1757 1732 548.0
1761 1765 -433.0
1761 1932 3367.0
1770 277 -801.0
1772 1421 1549.0
1773 2021 4702.0
1774 122 3797.0
1775 937 -950.0
1776 1151 2104.0
1777 1604 3049.0
1778 915 1464.0
1778 961 1688.0
1778 1091 422.0
1779 551 2267.0
1779 621 2146.0
1780 1877 658.0
1780 1878 2229.0
1781 1878 31.0
1782 1394 442.0
1782 1634 598.0
1782 1879 438.0
1785 435 -1074.0
1788 198 2663.0
1788 1888 2209.0
1791 612 464.0
1791 663 2699.0
1792 1592 3236.0
1793 1251 1696.0
1794 572 1128.0
1795 434 1681.0
1798 1179 591.0
1799 1791 2173.0
1799 1893 1224.0
1805 1500 5455.0
1808 1368 -817.0
1809 392 721.0
1810 630 663.0
1810 1349 3149.0
1811 391 3749.0
1813 968 581.0
1813 1163 2714.0
1814 630 -590.0
1817 51 2244.0
1821 527 2647.0
1821 911 1665.0
1823 416 582.0
1823 1406 2185.0
1824 1405 3791.0
1824 1406 1160.0
1824 1407 33.0
1825 1406 26.0
1830 1949 1758.0
1831 391 1025.0
1831 1674 1327.0
1833 1104 2638.0
1836 163 684.0
1836 426 3211.0
1838 80 -1184.0
1839 1676 674.0
1841 1278 415.0
1841 1850 4046.0
1842 522 1920.0
1849 639 667.0
1850 356 2294.0
1851 1810 458.0
1852 703 -2426.0
1859 867 -639.0
1862 1035 1007.0
1862 1967 1108.0
1863 1034 1423.0
1863 1035 2722.0
1863 1036 51.0
1863 2003 -492.0
1864 864 1767.0
1864 1017 4540.0
1864 1035 37.0
1868 707 3396.0
1871 97 4909.0
1872 1043 982.0
1873 36 1517.0
1874 1797 478.0
1874 1924 -412.0
1879 695 2034.0
1879 1420 3465.0
1881 1288 1487.0
1882 30 -789.0
1882 530 776.0
1884 1464 2150.0
1886 2004 3181.0
1887 362 2050.0
1887 1166 3880.0
1887 1440 -637.0
1888 1517 2603.0
1889 1983 564.0
1891 655 461.0
1891 973 2361.0
1891 1142 1164.0
1892 852 1056.0
1897 55 5734.0
1899 1029 1167.0
1901 770 1387.0
1903 594 950.0
1903 595 -1147.0
1903 1263 801.0
1904 146 657.0
1905 1256 3439.0
1907 456 -1264.0
1907 1423 981.0
1908 70 2536.0
1908 595 1228.0
1908 1868 1395.0
1909 1393 468.0
1910 1531 2255.0
1910 1781 1539.0
1911 656 1443.0
1912 1887 4304.0
1913 759 3438.0
1916 304 1176.0
1916 400 3762.0
1917 1074 557.0
1917 1130 2115.0
1919 1479 2065.0
1920 22 -481.0
1921 40 1152.0
1921 919 1868.0
1922 60 -622.0
1924 178 2746.0
1924 737 897.0
1925 521 2345.0
1929 475 -1400.0
1929 1302 -1023.0
1931 910 -864.0
1931 1231 -1003.0
1931 1395 -1318.0
1933 1232 3005.0
1934 459 842.0
1936 501 1039.0
1936 1635 2216.0
1937 1409 -776.0
1939 1632 3712.0
1940 762 4273.0
1940 1405 2797.0
1941 143 2391.0
1941 218 992.0
1941 816 2612.0
1942 1766 1567.0
1945 1729 2504.0
1947 4 -789.0
1947 680 1127.0
1947 921 1776.0
1948 930 3387.0
1950 910 491.0
1951 298 1689.0
1951 336 2685.0
1952 1613 3173.0
1953 480 1434.0
1955 528 -1119.0
1955 530 -850.0
1956 527 5598.0
1957 303 1242.0
1957 910 -1378.0
1957 982 3490.0
1960 1841 -455.0
1963 669 2018.0
1964 1803 478.0
1965 780 3495.0
1966 1718 474.0
1969 696 3753.0
1970 845 -698.0
1970 1018 -1688.0
1971 13 -736.0
1973 283 2388.0
1973 1006 689.0
1974 1386 3830.0
1974 1770 1402.0
1976 102 2819.0
1976 1048 1627.0
1976 1769 -1019.0
1977 435 1903.0
1977 1459 2574.0
1978 1286 1869.0
1979 636 -541.0
1979 1083 2045.0
1980 343 1978.0
1982 653 2344.0
1982 1322 2653.0
1985 175 931.0
1986 269 2130.0
1987 535 1251.0
1988 142 -563.0
1990 1099 2250.0
1990 1371 3281.0
1991 738 1730.0
1991 1098 1078.0
1991 1099 60.0
1992 994 2244.0
1993 1769 3719.0
1994 397 2547.0
1996 1657 2336.0
1997 1821 1382.0
1997 1907 661.0
1999 1220 -1004.0
2000 322 772.0
2002 369 521.0
2003 13 -796.0
2003 370 5.0
2004 65 -862.0
2004 214 1348.0
2005 393 460.0
2005 410 1298.0
2007 337 -792.0
2007 528 2707.0
2007 846 443.0
2008 957 2313.0
2008 1053 -1115.0
2009 1011 1489.0
2018 1217 740.0
2019 1613 708.0
2020 193 1545.0
2021 138 -553.0
2021 555 733.0
2021 1027 2272.0
2022 624 4630.0
2023 724 709.0
2025 111 1330.0
2025 173 2207.0
2026 688 984.0
2026 1761 531.0
2027 194 591.0
2027 691 3512.0
2027 692 -1218.0
2027 1092 2390.0
2027 1471 1659.0
2028 898 902.0
2029 924 4278.0
2033 308 2451.0
2035 1541 7846.0
2036 495 870.0
2036 1051 2438.0
2038 269 1876.0
2040 252 467.0
2041 128 444.0
2041 1241 1689.0
2042 1213 2567.0
